 2.0033554041668795E+0000 2.0033422698531160E+0000 8.8074113737147311E-0003
 2.0066547063841435E+0000 2.0066286273425832E+0000 1.7656957086946563E-0002
 2.0098974823970274E+0000 2.0098586514412890E+0000 2.6548039588647062E-0002
 2.0130833118772939E+0000 2.0130319250176116E+0000 3.5480050858930903E-0002
 2.0162117786149562E+0000 2.0161480350257372E+0000 4.4452372425203478E-0002
 2.0192824707113616E+0000 2.0192065726973290E+0000 5.3464375385729352E-0002
 2.0222949807734671E+0000 2.0222071337343803E+0000 6.2515420440784763E-0002
 2.0252489061091314E+0000 2.0251493185030769E+0000 7.1604857931530268E-0002
 2.0281438489232415E+0000 2.0280327322284892E+0000 8.0732027886731955E-0002
 2.0309794165144852E+0000 2.0308569851899055E+0000 8.9896260077451478E-0002
 2.0337552214725752E+0000 2.0336216929166153E+0000 9.9096874079816413E-0002
 2.0364708818757255E+0000 2.0363264763839426E+0000 1.0833317934597316E-0001
 2.0391260214881728E+0000 2.0389709622093244E+0000 1.1760447528331482E-0001
 2.0417202699575324E+0000 2.0415547828482269E+0000 1.2691005134206617E-0001
 2.0442532630117728E+0000 2.0440775767896819E+0000 1.3624918711129705E-0001
 2.0467246426555869E+0000 2.0465389887512258E+0000 1.4562115242342398E-0001
 2.0491340573659347E+0000 2.0489386698730165E+0000 1.5502520746724848E-0001
 2.0514811622865292E+0000 2.0512762779109009E+0000 1.6446060290956775E-0001
 2.0537656194210303E+0000 2.0535514774282015E+0000 1.7392658002538110E-0001
 2.0559870978247122E+0000 2.0557639399859867E+0000 1.8342237083670237E-0001
 2.0581452737943644E+0000 2.0579133443315884E+0000 1.9294719825997490E-0001
 2.0602398310561846E+0000 2.0599993765851269E+0000 2.0250027626207209E-0001
 2.0622704609514210E+0000 2.0620217304238015E+0000 2.1208081002485224E-0001
 2.0642368626195190E+0000 2.0639801072637037E+0000 2.2168799611822193E-0001
 2.0661387431785271E+0000 2.0658742164389095E+0000 2.3132102268164777E-0001
 2.0679758179025156E+0000 2.0677037753776081E+0000 2.4097906961404105E-0001
 2.0697478103957635E+0000 2.0694685097750204E+0000 2.5066130877192508E-0001
 2.0714544527634693E+0000 2.0711681537628683E+0000 2.6036690417577969E-0001
 2.0730954857787415E+0000 2.0728024500751497E+0000 2.7009501222444209E-0001
 2.0746706590456279E+0000 2.0743711502099824E+0000 2.7984478191742778E-0001
 2.0761797311579459E+0000 2.0758740145872794E+0000 2.8961535508502016E-0001
 2.0776224698536776E+0000 2.0773108127020199E+0000 2.9940586662596204E-0001
 2.0789986521646986E+0000 2.0786813232728902E+0000 3.0921544475256696E-0001
 2.0803080645616130E+0000 2.0799853343860640E+0000 3.1904321124305330E-0001
 2.0815505030934721E+0000 2.0812226436339057E+0000 3.2888828170088941E-0001
 2.0827257735221610E+0000 2.0823930582483793E+0000 3.3874976582092307E-0001
 2.0838336914512424E+0000 2.0834963952289541E+0000 3.4862676766205462E-0001
 2.0848740824490530E+0000 2.0845324814648060E+0000 3.5851838592619890E-0001
 2.0858467821658580E+0000 2.0855011538511191E+0000 3.6842371424326756E-0001
 2.0867516364448727E+0000 2.0864022593992991E+0000 3.7834184146189043E-0001
 2.0875885014269745E+0000 2.0872356553409227E+0000 3.8827185194558162E-0001
 2.0883572436489308E+0000 2.0880012092252501E+0000 3.9821282587404421E-0001
 2.0890577401349838E+0000 2.0886987990101423E+0000 4.0816383954929567E-0001
 2.0896898784816392E+0000 2.0893283131462312E+0000 4.1812396570628545E-0001
 2.0902535569355183E+0000 2.0898896506542040E+0000 4.2809227382766570E-0001
 2.0907486844641418E+0000 2.0903827211950700E+0000 4.3806783046236680E-0001
 2.0911751808195284E+0000 2.0908074451332937E+0000 4.4804969954762041E-0001
 2.0915329765944975E+0000 2.0911637535926862E+0000 4.5803694273406479E-0001
 2.0918220132715830E+0000 2.0914515885049592E+0000 4.6802861971356008E-0001
 2.0920422432644731E+0000 2.0916709026508608E+0000 4.7802378854933464E-0001
 2.0921936299519048E+0000 2.0918216596938200E+0000 4.8802150600807825E-0001
 2.0922761477039566E+0000 2.0919038342060432E+0000 4.9802082789359315E-0001
 2.0922897819006911E+0000 2.0919174116870183E+0000 5.0802080938161050E-0001
 2.0922345289431175E+0000 2.0918623885743920E+0000 5.1802050535537672E-0001
 2.0921103962564532E+0000 2.0917387722472031E+0000 5.2801897074161244E-0001
 2.0919174022856779E+0000 2.0915465810214640E+0000 5.3801526084644599E-0001
 2.0916555764833893E+0000 2.0912858441380986E+0000 5.4800843169092318E-0001
 2.0913249592899772E+0000 2.0909566017432561E+0000 5.5799754034569607E-0001
 2.0909256021061530E+0000 2.0905589048610332E+0000 5.6798164526449566E-0001
 2.0904575672578777E+0000 2.0900928153586512E+0000 5.7795980661599570E-0001
 2.0899209279537494E+0000 2.0895584059041473E+0000 5.8793108661367913E-0001
 2.0893157682349214E+0000 2.0889557599166504E+0000 5.9789454984332282E-0001
 2.0886421829176357E+0000 2.0882849715093248E+0000 6.0784926358772224E-0001
 2.0879002775284676E+0000 2.0875461454250797E+0000 6.1779429814828373E-0001
 2.0870901682323908E+0000 2.0867393969651498E+0000 6.2772872716311949E-0001
 2.0862119817537821E+0000 2.0858648519106674E+0000 6.3765162792128840E-0001
 2.0852658552904980E+0000 2.0849226464373561E+0000 6.4756208167283458E-0001
 2.0842519364211637E+0000 2.0839129270234875E+0000 6.5745917393428515E-0001
 2.0831703830058290E+0000 2.0828358503512509E+0000 6.6734199478927901E-0001
 2.0820213630801514E+0000 2.0816915832016994E+0000 6.7720963918400935E-0001
 2.0808050547432797E+0000 2.0804803023434410E+0000 6.8706120721717408E-0001
 2.0795216460396185E+0000 2.0792021944152557E+0000 6.9689580442414074E-0001
 2.0781713348346628E+0000 2.0778574558028253E+0000 7.0671254205504492E-0001
 2.0767543286851000E+0000 2.0764462925097735E+0000 7.1651053734655452E-0001
 2.0752708447033835E+0000 2.0749689200232169E+0000 7.2628891378704586E-0001
 2.0737211094169896E+0000 2.0734255631740388E+0000 7.3604680137495138E-0001
 2.0721053586225754E+0000 2.0718164559921007E+0000 7.4578333687005359E-0001
 2.0704238372352599E+0000 2.0701418415566133E+0000 7.5549766403751392E-0001
 2.0686767991332567E+0000 2.0684019718418933E+0000 7.6518893388444053E-0001
 2.0668645069980915E+0000 2.0665971075587365E+0000 7.7485630488881412E-0001
 2.0649872321506397E+0000 2.0647275179916429E+0000 7.8449894322060587E-0001
 2.0630452543832239E+0000 2.0627934808321296E+0000 7.9411602295493712E-0001
 2.0610388617880134E+0000 2.0607952820083743E+0000 8.0370672627714593E-0001
 2.0589683505819689E+0000 2.0587332155114287E+0000 8.1327024367964062E-0001
 2.0568340249285798E+0000 2.0566075832182481E+0000 8.2280577415043632E-0001
 2.0546361967566377E+0000 2.0544186947117804E+0000 8.3231252535328531E-0001
 2.0523751855762941E+0000 2.0521668670983585E+0000 8.4178971379932731E-0001
 2.0500513182926489E+0000 2.0498524248226427E+0000 8.5123656501020084E-0001
 2.0476649290171135E+0000 2.0474756994803540E+0000 8.6065231367257139E-0001
 2.0452163588767939E+0000 2.0450370296290430E+0000 8.7003620378404658E-0001
 2.0427059558221346E+0000 2.0425367605971327E+0000 8.7938748879046295E-0001
 2.0401340744330647E+0000 2.0399752442914748E+0000 8.8870543171454252E-0001
 2.0375010757238814E+0000 2.0373528390036539E+0000 8.9798930527593103E-0001
 2.0348073269471060E+0000 2.0346699092152720E+0000 9.0723839200264269E-0001
 2.0320532013965415E+0000 2.0319268254024410E+0000 9.1645198433394932E-0001
 2.0292390782097582E+0000 2.0291239638397091E+0000 9.2562938471476350E-0001
 2.0263653421702286E+0000 2.0262617064036391E+0000 9.3476990568157777E-0001
 2.0234323835093293E+0000 2.0233404403762551E+0000 9.4387286994003267E-0001
 2.0204405977084191E+0000 2.0203605582485671E+0000 9.5293761043419786E-0001
 2.0173903853012027E+0000 2.0173224575243791E+0000 9.6196347040766033E-0001
 2.0142821516765783E+0000 2.0142265405245781E+0000 9.7094980345652387E-0001
 2.0111163068821641E+0000 2.0110732141920992E+0000 9.7989597357443329E-0001
 2.0078932654286930E+0000 2.0078628898977527E+0000 9.8880135518974522E-0001
 2.0046134460954573E+0000 2.0045959832470943E+0000 9.9766533319497611E-0001
 2.0012772717369781E+0000 2.0012729138885130E+0000 1.0064873029686652E+0000
 1.9978851690910699E+0000 1.9978941053227043E+0000 1.0152666703897976E+0000
 1.9944375685884616E+0000 1.9944599847136899E+0000 1.0240028518449390E+0000
 1.9909349041641293E+0000 1.9909709827015372E+0000 1.0326952742282400E+0000
 1.9873776130704901E+0000 1.9874275332169283E+0000 1.0413433749344726E+0000
 1.9837661356925971E+0000 1.9838300732977154E+0000 1.0499466018452673E+0000
 1.9801009153654704E+0000 1.9801790429075992E+0000 1.0585044133087237E+0000
 1.9763823981936924E+0000 1.9764748847570545E+0000 1.0670162781125693E+0000
 1.9726110328733853E+0000 1.9727180441266236E+0000 1.0754816754510484E+0000
 1.9687872705166869E+0000 1.9689089686926892E+0000 1.0839000948857222E+0000
 1.9649115644788282E+0000 1.9650481083558327E+0000 1.0922710363003657E+0000
 1.9609843701879143E+0000 1.9611359150718760E+0000 1.1005940098501481E+0000
 1.9570061449774993E+0000 1.9571728426856995E+0000 1.1088685359052852E+0000
 1.9529773479220428E+0000 1.9531593467679202E+0000 1.1170941449893539E+0000
 1.9488984396753251E+0000 1.9490958844545094E+0000 1.1252703777124575E+0000
 1.9447698823118950E+0000 1.9449829142894220E+0000 1.1333967846994332E+0000
 1.9405921391716163E+0000 1.9408208960703020E+0000 1.1414729265132926E+0000
 1.9363656747073713E+0000 1.9366102906973251E+0000 1.1494983735740819E+0000
 1.9320909543359780E+0000 1.9323515600252308E+0000 1.1574727060733547E+0000
 1.9277684442923656E+0000 1.9280451667185915E+0000 1.1653955138844405E+0000
 1.9233986114870528E+0000 1.9236915741103616E+0000 1.1732663964686986E+0000
 1.9189819233669635E+0000 1.9192912460637403E+0000 1.1810849627779384E+0000
 1.9145188477796126E+0000 1.9148446468373818E+0000 1.1888508311531905E+0000
 1.9100098528406859E+0000 1.9103522409539759E+0000 1.1965636292200061E+0000
 1.9054554068050364E+0000 1.9058144930722212E+0000 1.2042229937804632E+0000
 1.9008559779411106E+0000 1.9012318678622057E+0000 1.2118285707020529E+0000
 1.8962120344088193E+0000 1.8966048298842064E+0000 1.2193800148036166E+0000
 1.8915240441408552E+0000 1.8919338434709138E+0000 1.2268769897385026E+0000
 1.8867924747274638E+0000 1.8872193726130844E+0000 1.2343191678751060E+0000
 1.8820177933046631E+0000 1.8824618808486196E+0000 1.2417062301749524E+0000
 1.8772004664459073E+0000 1.8776618311550640E+0000 1.2490378660684830E+0000
 1.8723409600571858E+0000 1.8728196858455158E+0000 1.2563137733286943E+0000
 1.8674397392755438E+0000 1.8679359064679357E+0000 1.2635336579427808E+0000
 1.8624972683710089E+0000 1.8630109537078380E+0000 1.2706972339819272E+0000
 1.8575140106519047E+0000 1.8580452872943458E+0000 1.2778042234693898E+0000
 1.8524904283735287E+0000 1.8530393659095880E+0000 1.2848543562470055E+0000
 1.8474269826501707E+0000 1.8479936471014133E+0000 1.2918473698402598E+0000
 1.8423241333704430E+0000 1.8429085871993945E+0000 1.2987830093220425E+0000
 1.8371823391158943E+0000 1.8377846412340937E+0000 1.3056610271752156E+0000
 1.8320020570828743E+0000 1.8326222628595567E+0000 1.3124811831541125E+0000
 1.8267837430076160E+0000 1.8274219042790031E+0000 1.3192432441450844E+0000
 1.8215278510944996E+0000 1.8221840161736770E+0000 1.3259469840262045E+0000
 1.8162348339474604E+0000 1.8169090476348209E+0000 1.3325921835262367E+0000
 1.8109051425045031E+0000 1.8115974460987354E+0000 1.3391786300829713E+0000
 1.8055392259752814E+0000 1.8062496572848831E+0000 1.3457061177010263E+0000
 1.8001375317817019E+0000 1.8008661251369982E+0000 1.3521744468092072E+0000
 1.7947005055015097E+0000 1.7954472917671579E+0000 1.3585834241175150E+0000
 1.7892285908148136E+0000 1.7899935974027733E+0000 1.3649328624738895E+0000
 1.7837222294535050E+0000 1.7845054803364573E+0000 1.3712225807207665E+0000
 1.7781818611535284E+0000 1.7789833768787231E+0000 1.3774524035515294E+0000
 1.7726079236099556E+0000 1.7734277213134717E+0000 1.3836221613669255E+0000
 1.7670008524348209E+0000 1.7678389458562201E+0000 1.3897316901315191E+0000
 1.7613610811176696E+0000 1.7622174806150273E+0000 1.3957808312302453E+0000
 1.7556890409887746E+0000 1.7565637535540716E+0000 1.4017694313251274E+0000
 1.7499851611849757E+0000 1.7508781904598342E+0000 1.4076973422122157E+0000
 1.7442498686180948E+0000 1.7451612149098429E+0000 1.4135644206788022E+0000
 1.7384835879458825E+0000 1.7394132482439323E+0000 1.4193705283609633E+0000
 1.7326867415454491E+0000 1.7336347095379732E+0000 1.4251155316014772E+0000
 1.7268597494891367E+0000 1.7278260155800290E+0000 1.4307993013081609E+0000
 1.7210030295227865E+0000 1.7219875808488932E+0000 1.4364217128126687E+0000
 1.7151169970463575E+0000 1.7161198174949649E+0000 1.4419826457297897E+0000
 1.7092020650968534E+0000 1.7102231353234191E+0000 1.4474819838172789E+0000
 1.7032586443335138E+0000 1.7042979417796298E+0000 1.4529196148362560E+0000
 1.6972871430252291E+0000 1.6983446419368034E+0000 1.4582954304121995E+0000
 1.6912879670401359E+0000 1.6923636384857816E+0000 1.4636093258965637E+0000
 1.6852615198373534E+0000 1.6863553317269745E+0000 1.4688612002290423E+0000
 1.6792082024608215E+0000 1.6803201195643829E+0000 1.4740509558005008E+0000
 1.6731284135352000E+0000 1.6742583975016744E+0000 1.4791784983165959E+0000
 1.6670225492637935E+0000 1.6681705586402722E+0000 1.4842437366620998E+0000
 1.6608910034284637E+0000 1.6620569936794240E+0000 1.4892465827659429E+0000
 1.6547341673914938E+0000 1.6559180909182132E+0000 1.4941869514669881E+0000
 1.6485524300993714E+0000 1.6497542362594801E+0000 1.4990647603805473E+0000
 1.6423461780884549E+0000 1.6435658132156190E+0000 1.5038799297656473E+0000
 1.6361157954924932E+0000 1.6373532029162205E+0000 1.5086323823930540E+0000
 1.6298616640519659E+0000 1.6311167841175275E+0000 1.5133220434140571E+0000
 1.6235841631252163E+0000 1.6248569332136765E+0000 1.5179488402300210E+0000
 1.6172836697013470E+0000 1.6185740242496965E+0000 1.5225127023627021E+0000
 1.6109605584148525E+0000 1.6122684289362381E+0000 1.5270135613253332E+0000
 1.6046152015619623E+0000 1.6059405166660073E+0000 1.5314513504944738E+0000
 1.5982479691186703E+0000 1.5995906545318822E+0000 1.5358260049826241E+0000
 1.5918592287604280E+0000 1.5932192073466869E+0000 1.5401374615115983E+0000
 1.5854493458834795E+0000 1.5868265376646046E+0000 1.5443856582866533E+0000
 1.5790186836278179E+0000 1.5804130058042077E+0000 1.5485705348713668E+0000
 1.5725676029017452E+0000 1.5739789698730884E+0000 1.5526920320632570E+0000
 1.5660964624080181E+0000 1.5675247857940717E+0000 1.5567500917701382E+0000
 1.5596056186715636E+0000 1.5610508073329964E+0000 1.5607446568872020E+0000
 1.5530954260687501E+0000 1.5545573861280499E+0000 1.5646756711748157E+0000
 1.5465662368582024E+0000 1.5480448717206436E+0000 1.5685430791370293E+0000
 1.5400184012131472E+0000 1.5415136115878196E+0000 1.5723468259007781E+0000
 1.5334522672552812E+0000 1.5349639511761781E+0000 1.5760868570957729E+0000
 1.5268681810901522E+0000 1.5283962339373177E+0000 1.5797631187350653E+0000
 1.5202664868440478E+0000 1.5218108013647829E+0000 1.5833755570962762E+0000
 1.5136475267023847E+0000 1.5152079930325134E+0000 1.5869241186034773E+0000
 1.5070116409495970E+0000 1.5085881466347929E+0000 1.5904087497097116E+0000
 1.5003591680105194E+0000 1.5019515980276938E+0000 1.5938293967801431E+0000
 1.4936904444932667E+0000 1.4952986812720203E+0000 1.5971860059758224E+0000
 1.4870058052336087E+0000 1.4886297286777490E+0000 1.6004785231380558E+0000
 1.4803055833408455E+0000 1.4819450708499716E+0000 1.6037068936733678E+0000
 1.4735901102451844E+0000 1.4752450367363440E+0000 1.6068710624390438E+0000
 1.4668597157466279E+0000 1.4685299536760473E+0000 1.6099709736292420E+0000
 1.4601147280653764E+0000 1.4618001474502696E+0000 1.6130065706616639E+0000
 1.4533554738937582E+0000 1.4550559423342174E+0000 1.6159777960647726E+0000
 1.4465822784496949E+0000 1.4482976611506688E+0000 1.6188845913655483E+0000
 1.4397954655317157E+0000 1.4415256253250791E+0000 1.6217268969777724E+0000
 1.4329953575755351E+0000 1.4347401549422558E+0000 1.6245046520908300E+0000
 1.4261822757122080E+0000 1.4279415688046176E+0000 1.6272177945590240E+0000
 1.4193565398278816E+0000 1.4211301844920549E+0000 1.6298662607913920E+0000
 1.4125184686251611E+0000 1.4143063184234126E+0000 1.6324499856420207E+0000
 1.4056683796861116E+0000 1.4074702859196149E+0000 1.6349689023008511E+0000
 1.3988065895369174E+0000 1.4006224012684563E+0000 1.6374229421849703E+0000
 1.3919334137142238E+0000 1.3937629777910818E+0000 1.6398120348303869E+0000
 1.3850491668331861E+0000 1.3868923279101845E+0000 1.6421361077842866E+0000
 1.3781541626572548E+0000 1.3800107632199466E+0000 1.6443950864977675E+0000
 1.3712487141697250E+0000 1.3731185945577555E+0000 1.6465888942190560E+0000
 1.3643331336470825E+0000 1.3662161320777259E+0000 1.6487174518872036E+0000
 1.3574077327341779E+0000 1.3593036853260599E+0000 1.6507806780262691E+0000
 1.3504728225212654E+0000 1.3523815633182833E+0000 1.6527784886399901E+0000
 1.3435287136229406E+0000 1.3454500746183922E+0000 1.6547107971069510E+0000
 1.3365757162590180E+0000 1.3385095274199506E+0000 1.6565775140762558E+0000
 1.3296141403373867E+0000 1.3315602296291790E+0000 1.6583785473637159E+0000
 1.3226442955388870E+0000 1.3246024889500764E+0000 1.6601138018485647E+0000
 1.3156664914042523E+0000 1.3176366129716214E+0000 1.6617831793707144E+0000
 1.3086810374231615E+0000 1.3106629092570972E+0000 1.6633865786285709E+0000
 1.3016882431254503E+0000 1.3036816854355903E+0000 1.6649238950774264E+0000
 1.2946884181745310E+0000 1.2966932492957118E+0000 1.6663950208284510E+0000
 1.2876818724630723E+0000 1.2896979088815955E+0000 1.6677998445483072E+0000
 1.2806689162109932E+0000 1.2826959725912251E+0000 1.6691382513594148E+0000
 1.2736498600658269E+0000 1.2756877492771480E+0000 1.6704101227408952E+0000
 1.2666250152055113E+0000 1.2686735483496339E+0000 1.6716153364302289E+0000
 1.2595946934436681E+0000 1.2616536798823378E+0000 1.6727537663256618E+0000
 1.2525592073374295E+0000 1.2546284547205314E+0000 1.6738252823893990E+0000
 1.2455188702978792E+0000 1.2475981845919659E+0000 1.6748297505516303E+0000
 1.2384739967031721E+0000 1.2405631822204331E+0000 1.6757670326154327E+0000
 1.2314249020144005E+0000 1.2335237614420949E+0000 1.6766369861626021E+0000
 1.2243719028942792E+0000 1.2264802373246502E+0000 1.6774394644604663E+0000
 1.2173153173287193E+0000 1.2194329262894136E+0000 1.6781743163697409E+0000
 1.2102554647513669E+0000 1.2123821462363807E+0000 1.6788413862534894E+0000
 1.2031926661711830E+0000 1.2053282166723569E+0000 1.6794405138872563E+0000
 1.1961272443031431E+0000 1.1982714588422301E+0000 1.6799715343704469E+0000
 1.1890595237021382E+0000 1.1912121958634684E+0000 1.6804342780390310E+0000
 1.1819898309001594E+0000 1.1841507528639269E+0000 1.6808285703796550E+0000
 1.1749184945468528E+0000 1.1770874571230494E+0000 1.6811542319452516E+0000
 1.1678458455535311E+0000 1.1700226382165539E+0000 1.6814110782722429E+0000
 1.1607722172407313E+0000 1.1629566281646917E+0000 1.6815989197994392E+0000
 1.1536979454894120E+0000 1.1558897615841724E+0000 1.6817175617887410E+0000
 1.1466233688958821E+0000 1.1488223758438503E+0000 1.6817668042477614E+0000
 1.1395488289305580E+0000 1.1417548112242679E+0000 1.6817464418544913E+0000
 1.1324746701006470E+0000 1.1346874110811562E+0000 1.6816562638841381E+0000
 1.1254012401168566E+0000 1.1276205220129915E+0000 1.6814960541382777E+0000
 1.1183288900642316E+0000 1.1205544940327121E+0000 1.6812655908764671E+0000
 1.1112579745772233E+0000 1.1134896807436990E+0000 1.6809646467504745E+0000
 1.1041888520190944E+0000 1.1064264395201271E+0000 1.6805929887412936E+0000
 1.0971218846657694E+0000 1.0993651316917945E+0000 1.6801503780991181E+0000
 1.0900574388942364E+0000 1.0923061227335394E+0000 1.6796365702864637E+0000
 1.0829958853756123E+0000 1.0852497824593562E+0000 1.6790513149246360E+0000
 1.0759375992729816E+0000 1.0781964852213218E+0000 1.6783943557437539E+0000
 1.0688829604441216E+0000 1.0711466101134462E+0000 1.6776654305365504E+0000
 1.0618323536492276E+0000 1.0641005411805618E+0000 1.6768642711161869E+0000
 1.0547861687637519E+0000 1.0570586676323655E+0000 1.6759906032783297E+0000
 1.0477448009964701E+0000 1.0500213840627295E+0000 1.6750441467677508E+0000
 1.0407086511128921E+0000 1.0429890906743964E+0000 1.6740246152497334E+0000
 1.0336781256641283E+0000 1.0359621935091739E+0000 1.6729317162865750E+0000
 1.0266536372213295E+0000 1.0289411046837438E+0000 1.6717651513194999E+0000
 1.0196356046158102E+0000 1.0219262426311999E+0000 1.6705246156563095E+0000
 1.0126244531849686E+0000 1.0149180323484276E+0000 1.6692097984651183E+0000
 1.0056206150241145E+0000 1.0079169056494352E+0000 1.6678203827745418E+0000
 9.9862452924431092E-0001 1.0009233014247478E+0000 1.6663560454807244E+0000
 9.9163664223633650E-0001 9.9393766590696706E-0001 1.6648164573616151E+0000
 9.8465740794086876E-0001 9.8696045294260182E-0001 1.6632012830989237E+0000
 9.7768728812498673E-0001 9.7999212427026568E-0001 1.6615101813082125E+0000
 9.7072675266508462E-0001 9.7303314980533590E-0001 1.6597428045776028E+0000
 9.6377627983628335E-0001 9.6608400793116041E-0001 1.6578987995156043E+0000
 9.5683635660841970E-0001 9.5914518579689345E-0001 1.6559778068085995E+0000
 9.4990747894868482E-0001 9.5221717962203228E-0001 1.6539794612885474E+0000
 9.4299015213097514E-0001 9.4530049500771857E-0001 1.6519033920114975E+0000
 9.3608489105200820E-0001 9.3839564725485748E-0001 1.6497492223475403E+0000
 9.2919222055424458E-0001 9.3150316168909610E-0001 1.6475165700828493E+0000
 9.2231267575564369E-0001 9.2462357399268927E-0001 1.6452050475345078E+0000
 9.1544680238626658E-0001 9.1775743054326647E-0001 1.6428142616788472E+0000
 9.0859515713172246E-0001 9.1090528875949631E-0001 1.6403438142940616E+0000
 9.0175830798343676E-0001 9.0406771745362694E-0001 1.6377933021179023E+0000
 8.9493683459569831E-0001 8.9724529719085956E-0001 1.6351623170212974E+0000
 8.8813132864941999E-0001 8.9043862065548946E-0001 1.6324504461987815E+0000
 8.8134239422252184E-0001 8.8364829302372311E-0001 1.6296572723766667E+0000
 8.7457064816681724E-0001 8.7687493234305160E-0001 1.6267823740399281E+0000
 8.6781672049125189E-0001 8.7011916991802935E-0001 1.6238253256788272E+0000
 8.6108125475131059E-0001 8.6338165070227234E-0001 1.6207856980563408E+0000
 8.5436490844436925E-0001 8.5666303369645219E-0001 1.6176630584975157E+0000
 8.4766835341072769E-0001 8.4996399235202039E-0001 1.6144569712019164E+0000
 8.4099227624001342E-0001 8.4328521498035126E-0001 1.6111669975803887E+0000
 8.3433737868259635E-0001 8.3662740516694189E-0001 1.6077926966174107E+0000
 8.2770437806559978E-0001 8.2999128219025212E-0001 1.6043336252603593E+0000
 8.2109400771303347E-0001 8.2337758144470793E-0001 1.6007893388370717E+0000
 8.1450701736950906E-0001 8.1678705486732585E-0001 1.5971593915031374E+0000
 8.0794417362692775E-0001 8.1022047136734478E-0001 1.5934433367204092E+0000
 8.0140626035345262E-0001 8.0367861725817428E-0001 1.5896407277682755E+0000
 7.9489407912399470E-0001 7.9716229669088405E-0001 1.5857511182892910E+0000
 7.8840844965135099E-0001 7.9067233208836850E-0001 1.5817740628708099E+0000
 7.8195021021703471E-0001 7.8420956457922124E-0001 1.5777091176643215E+0000
 7.7552021810073213E-0001 7.7777485443024838E-0001 1.5735558410442308E+0000
 7.6911935000720582E-0001 7.7136908147643405E-0001 1.5693137943078713E+0000
 7.6274850248934142E-0001 7.6499314554704827E-0001 1.5649825424185802E+0000
 7.5640859236590246E-0001 7.5864796688645404E-0001 1.5605616547936958E+0000
 7.5010055713241615E-0001 7.5233448656802796E-0001 1.5560507061393724E+0000
 7.4382535536346072E-0001 7.4605366689945591E-0001 1.5514492773341232E+0000
 7.3758396710446266E-0001 7.3980649181750179E-0001 1.5467569563630202E+0000
 7.3137739425093904E-0001 7.3359396727017362E-0001 1.5419733393044809E+0000
 7.2520666091293534E-0001 7.2741712158402519E-0001 1.5370980313715643E+0000
 7.1907281376221384E-0001 7.2127700581413544E-0001 1.5321306480096788E+0000
 7.1297692235953999E-0001 7.1517469407409867E-0001 1.5270708160525664E+0000
 7.0692007945919537E-0001 7.0911128384313897E-0001 1.5219181749383766E+0000
 7.0090340128761509E-0001 7.0308789624723014E-0001 1.5166723779875711E+0000
 6.9492802779280529E-0001 6.9710567631085897E-0001 1.5113330937443033E+0000
 6.8899512286094322E-0001 6.9116579317581528E-0001 1.5059000073828039E+0000
 6.8310587449629797E-0001 6.8526944028312628E-0001 1.5003728221801532E+0000
 6.7726149496033574E-0001 6.7941783551397728E-0001 1.4947512610566485E+0000
 6.7146322086559025E-0001 6.7361222128517585E-0001 1.4890350681847677E+0000
 6.6571231321958696E-0001 6.6785386459442340E-0001 1.4832240106674816E+0000
 6.6001005741381189E-0001 6.6214405701035839E-0001 1.4773178802863895E+0000
 6.5435776315241258E-0001 6.5648411460203091E-0001 1.4713164953198199E+0000
 6.4875676431501306E-0001 6.5087537780216070E-0001 1.4652197024306665E+0000
 6.4320841874771839E-0001 6.4531921119822351E-0001 1.4590273786233083E+0000
 6.3771410797608160E-0001 6.3981700324510536E-0001 1.4527394332684790E+0000
 6.3227523683350814E-0001 6.3437016589276634E-0001 1.4463558101944210E+0000
 6.2689323299828676E-0001 6.2898013412206665E-0001 1.4398764898420607E+0000
 6.2156954643216302E-0001 6.2364836538163446E-0001 1.4333014914812835E+0000
 6.1630564871311939E-0001 6.1837633891840112E-0001 1.4266308754846595E+0000
 6.1110303225479885E-0001 6.1316555499420127E-0001 1.4198647456541795E+0000
 6.0596320940481346E-0001 6.0801753398063874E-0001 1.4130032515956900E+0000
 6.0088771141402247E-0001 6.0293381532426187E-0001 1.4060465911347876E+0000
 5.9587808726875386E-0001 5.9791595637398018E-0001 1.3989950127669170E+0000
 5.9093590237788641E-0001 5.9296553106259746E-0001 1.3918488181333444E+0000
 5.8606273710671536E-0001 5.8808412843434251E-0001 1.3846083645135276E+0000
 5.8126018514960264E-0001 5.8327335101035651E-0001 1.3772740673231964E+0000
 5.7652985173357133E-0001 5.7853481298425631E-0001 1.3698464026061821E+0000
 5.7187335164525426E-0001 5.7387013824014357E-0001 1.3623259095067145E+0000
 5.6729230707395717E-0001 5.6928095818578265E-0001 1.3547131927075392E+0000
 5.6278834526405848E-0001 5.6476890939413343E-0001 1.3470089248178075E+0000
 5.5836309597054898E-0001 5.6033563104701023E-0001 1.3392138486932772E+0000
 5.5401818871222610E-0001 5.5598276217535189E-0001 1.3313287796699445E+0000
 5.4975524981790544E-0001 5.5171193869144129E-0001 1.3233546076908256E+0000
 5.4557589926200586E-0001 5.4752479020941039E-0001 1.3152922993042449E+0000
 5.4148174728700800E-0001 5.4342293665151677E-0001 1.3071428995106886E+0000
 5.3747439081158470E-0001 5.3940798463898216E-0001 1.2989075334340696E+0000
 5.3355540962465659E-0001 5.3548152366764601E-0001 1.2905874077921650E+0000
 5.2972636236723632E-0001 5.3164512207030494E-0001 1.2821838121400432E+0000
 5.2598878230568728E-0001 5.2790032276938054E-0001 1.2736981198595449E+0000
 5.2234417290192958E-0001 5.2424863882547402E-0001 1.2651317888673490E+0000
 5.1879400318816669E-0001 5.2069154878941733E-0001 1.2564863620138694E+0000
 5.1533970295586566E-0001 5.1723049186760063E-0001 1.2477634671452452E+0000
 5.1198265777098343E-0001 5.1386686291262691E-0001 1.2389648168010207E+0000
 5.0872420382976660E-0001 5.1060200725369121E-0001 1.2300922075208099E+0000
 5.0556562267183553E-0001 5.0743721538347734E-0001 1.2211475187343293E+0000
 5.0250813576966155E-0001 5.0437371752077531E-0001 1.2121327112106905E+0000
 4.9955289901592313E-0001 5.0141267807041130E-0001 1.2030498250447881E+0000
 4.9670099713254073E-0001 4.9855519000440849E-0001 1.1939009771610264E+0000
 4.9395343802739833E-0001 4.9580226919051605E-0001 1.1846883583174951E+0000
 4.9131114712681493E-0001 4.9315484869630970E-0001 1.1754142295970411E+0000
 4.8877496171368292E-0001 4.9061377309893116E-0001 1.1660809183754743E+0000
 4.8634562530279552E-0001 4.8817979283214665E-0001 1.1566908137613798E+0000
 4.8402378208619120E-0001 4.8585355860371876E-0001 1.1472463615066432E+0000
 4.8180997148230674E-0001 4.8363561591705416E-0001 1.1377500583918095E+0000
 4.7970462282330662E-0001 4.8152639973167015E-0001 1.1282044460957145E+0000
 4.7770805021510952E-0001 4.7952622929717742E-0001 1.1186121045644106E+0000
 4.7582044760433096E-0001 4.7763530319517436E-0001 1.1089756449001695E+0000
 4.7404188408558141E-0001 4.7585369462266533E-0001 1.0992977017972092E+0000
 4.7237229948128852E-0001 4.7418134694933988E-0001 1.0895809255566739E+0000
 4.7081150022444653E-0001 4.7261806957927611E-0001 1.0798279737191999E+0000
 4.6935915557244421E-0001 4.7116353414536993E-0001 1.0700415023590358E+0000
 4.6801479417740480E-0001 4.6981727106206120E-0001 1.0602241570890533E+0000
 4.6677780103531962E-0001 4.6857866645876153E-0001 1.0503785638309952E+0000
 4.6564741483271682E-0001 4.6744695951283166E-0001 1.0405073194098749E+0000
 4.6462272570573457E-0001 4.6642124019706502E-0001 1.0306129820354820E+0000
 4.6370267342233122E-0001 4.6550044745247827E-0001 1.0206980617373999E+0000
 4.6288604599404284E-0001 4.6468336779286534E-0001 1.0107650108227406E+0000
 4.6217147871927609E-0001 4.6396863434312793E-0001 1.0008162144279168E+0000
 4.6155745365569614E-0001 4.6335472630894456E-0001 9.9085398123716785E-0001
 4.6104229951493367E-0001 4.6283996887098241E-0001 9.8088053444123427E-0001
 4.6062419196869291E-0001 4.6242253349269318E-0001 9.7089800300954175E-0001
 4.6030115435149842E-0001 4.6210043862686844E-0001 9.6090841334853532E-0001
 4.6007105874187201E-0001 4.6187155080266590E-0001 9.5091368141744469E-0001
 4.5993162740078403E-0001 4.6173358607185283E-0001 9.4091560537081582E-0001
 4.5988043454386902E-0001 4.6168411179064458E-0001 9.3091585879468201E-0001
 4.5991490842222403E-0001 4.6172054871183226E-0001 9.2091598460034909E-0001
 4.6003233368570119E-0001 4.6184017336097870E-0001 9.1091738963651472E-0001
 4.6022985400253908E-0001 4.6204012067038883E-0001 9.0092134007691890E-0001
 4.6050447491001542E-0001 4.6231738684539754E-0001 8.9092895763701134E-0001
 4.6085306687260414E-0001 4.6266883243932089E-0001 8.8094121666929845E-0001
 4.6127236852692985E-0001 4.6309118561623315E-0001 8.7095894218315894E-0001
 4.6175899009667020E-0001 4.6358104558460002E-0001 8.6098280883104024E-0001
 4.6230941696548680E-0001 4.6413488618974433E-0001 8.5101334089909030E-0001
 4.6292001340208528E-0001 4.6474905965915942E-0001 8.4105091333643873E-0001
 4.6358702643861410E-0001 4.6541980050181865E-0001 8.3109575385348270E-0001
 4.6430658991179750E-0001 4.6614322957084307E-0001 8.2114794611558634E-0001
 4.6507472868542596E-0001 4.6691535830814980E-0001 8.1120743405445620E-0001
 4.6588736308304125E-0001 4.6773209319995327E-0001 8.0127402731495725E-0001
 4.6674031357076572E-0001 4.6858924048314347E-0001 7.9134740785008351E-0001
 4.6762930574211123E-0001 4.6948251115449405E-0001 7.8142713767095072E-0001
 4.6854997566909204E-0001 4.7040752634718673E-0001 7.7151266775174471E-0001
 4.6949787569682713E-0001 4.7135982315204642E-0001 7.6160334808120860E-0001
 4.7046848077175126E-0001 4.7233486097386238E-0001 7.5169843884212115E-0001
 4.7145719540617788E-0001 4.7332802852584101E-0001 7.4179712268792390E-0001
 4.7245936139378896E-0001 4.7433465157711182E-0001 7.3189851807081115E-0001
 4.7347026640107944E-0001 4.7535000157870052E-0001 7.2200169355784191E-0001
 4.7448515356814988E-0001 4.7636930530178203E-0001 7.1210568305066136E-0001
 4.7549923225769238E-0001 4.7738775562750089E-0001 7.0220950180002438E-0001
 4.7650769009260891E-0001 4.7840052362925200E-0001 6.9231216307843742E-0001
 4.7750570641939440E-0001 4.7940277208500212E-0001 6.8241269534302780E-0001
 4.7848846732510083E-0001 4.8038967054789148E-0001 6.7251015968663344E-0001
 4.7945118231924807E-0001 4.8135641208685578E-0001 6.6260366733884025E-0001
 4.8038910276739845E-0001 4.8229823178428428E-0001 6.5269239694143523E-0001
 4.8129754212935896E-0001 4.8321042704387016E-0001 6.4277561128609157E-0001
 4.8217189801148948E-0001 4.8408837971818583E-0001 6.3285267316812239E-0001
 4.8300767598917428E-0001 4.8492758001192247E-0001 6.2292305998134570E-0001
 4.8380051509252265E-0001 4.8572365205353805E-0001 6.1298637665838729E-0001
 4.8454621477689103E-0001 4.8647238095635192E-0001 6.0304236655125124E-0001
 4.8524076312179634E-0001 4.8716974111184602E-0001 5.9309091985189548E-0001
 4.8588036592007135E-0001 4.8781192537594598E-0001 5.8313207917481960E-0001
 4.8646147623747822E-0001 4.8839537472715101E-0001 5.7316604196569873E-0001
 4.8698082394605299E-0001 4.8891680789818360E-0001 5.6319315946334541E-0001
 4.8743544466742544E-0001 4.8937325041557788E-0001 5.5321393202691460E-0001
 4.8782270751074760E-0001 4.8976206242984101E-0001 5.4322900074484026E-0001
 4.8814034095900051E-0001 4.9008096468785164E-0001 5.3323913536324543E-0001
 4.8838645625196268E-0001 4.9032806199364960E-0001 5.2324521870439553E-0001
 4.8855956763739088E-0001 4.9050186352710930E-0001 5.1324822788339334E-0001
 4.8865860891559593E-0001 4.9060129944379104E-0001 5.0324921276570874E-0001
 4.8868294578605727E-0001 4.9062573326299459E-0001 4.9324927223062478E-0001
 4.8863238361513975E-0001 4.9057496966181640E-0001 4.8324952890773556E-0001
 4.8850717037621260E-0001 4.9044925742567865E-0001 4.7325110312771986E-0001
 4.8830799466044132E-0001 4.9024928745324795E-0001 4.6325508686901094E-0001
 4.8803597880978153E-0001 4.8997618586742090E-0001 4.5326251848541663E-0001
 4.8769266737419531E-0001 4.8963150243503744E-0001 4.4327435896578359E-0001
 4.8728001123401262E-0001 4.8921719463734049E-0001 4.3329147040791934E-0001
 4.8680034784789694E-0001 4.8873560785312841E-0001 4.2331459729028913E-0001
 4.8625637818098768E-0001 4.8818945221097041E-0001 4.1334435100366102E-0001
 4.8565114093260746E-0001 4.8758177673188299E-0001 4.0338119796934056E-0001
 4.8498798471693103E-0001 4.8691594141798715E-0001 3.9342545152980229E-0001
 4.8427053885400528E-0001 4.8619558794667242E-0001 3.8347726765986223E-0001
 4.8350268340526132E-0001 4.8542460960647027E-0001 3.7353664441940223E-0001
 4.8268851904146441E-0001 4.8460712106449343E-0001 3.6360342495779465E-0001
 4.8183233726715553E-0001 4.8374742849119707E-0001 3.5367730378944493E-0001
 4.8093859144969456E-0001 4.8285000049202620E-0001 3.4375783599121728E-0001
 4.8001186901855230E-0001 4.8191944021278172E-0001 3.3384444892612645E-0001
 4.7905686511653470E-0001 4.8096045890129930E-0001 3.2393645607230592E-0001
 4.7807835790338541E-0001 4.7997785112653421E-0001 3.1403307252955721E-0001
 4.7708118563699267E-0001 4.7897647178067980E-0001 3.0413343178472039E-0001
 4.7607022559053835E-0001 4.7796121492284266E-0001 2.9423660333833982E-0001
 4.7505037480676755E-0001 4.7693699446545325E-0001 2.8434161082528014E-0001
 4.7402653264371811E-0001 4.7590872665760136E-0001 2.7444745029795405E-0001
 4.7300358502966754E-0001 4.7488131428278738E-0001 2.6455310837991890E-0001
 4.7198639031817362E-0001 4.7385963246161480E-0001 2.5465758003752130E-0001
 4.7097976661600700E-0001 4.7284851593181617E-0001 2.4475988575625537E-0001
 4.6998848044640062E-0001 4.7185274766760138E-0001 2.3485908794527418E-0001
 4.6901723660618206E-0001 4.7087704869645051E-0001 2.2495430642721269E-0001
 4.6807066907681874E-0001 4.6992606897294618E-0001 2.1504473290067590E-0001
 4.6715333285505847E-0001 4.6900437917491658E-0001 2.0512964428924863E-0001
 4.6626969657765514E-0001 4.6811646329600077E-0001 1.9520841491375157E-0001
 4.6542413582571738E-0001 4.6726671191983691E-0001 1.8528052744392748E-0001
 4.6462092700672412E-0001 4.6645941607362553E-0001 1.7534558260211878E-0001
 4.6386424172555763E-0001 4.6569876157217451E-0001 1.6540330760518330E-0001
 4.6315814156947701E-0001 4.6498882377715331E-0001 1.5545356334229979E-0001
 4.6250657324536343E-0001 4.6433356270974004E-0001 1.4549635029584225E-0001
 4.6191336402047824E-0001 4.6373681846780009E-0001 1.3553181322053250E-0001
 4.6138221743013076E-0001 4.6320230691093361E-0001 1.2556024460295089E-0001
 4.6091670922686672E-0001 4.6273361558798199E-0001 1.1558208692948813E-0001
 4.6052028355592584E-0001 4.6233419989175591E-0001 1.0559793379619599E-0001
 4.6019624935069064E-0001 4.6200737943475127E-0001 9.5608529898929602E-0002
 4.5994777694960462E-0001 4.6175633464740105E-0001 8.5614769946807336E-0002
 4.5977789494255429E-0001 4.6158410360694784E-0001 7.5617696546437359E-0002
 4.5968948725998700E-0001 4.6149357911031531E-0001 6.5618497108623724E-0002
 4.5968529052209792E-0001 4.6148750600842904E-0001 5.5618499833382867E-0002
 4.5976789166830262E-0001 4.6156847882232653E-0001 4.5619168833058135E-0002
 4.5993972588897185E-0001 4.6173893966315809E-0001 3.5622098457075480E-0002
 4.6020307488210869E-0001 4.6200117647888128E-0001 2.5629006885379902E-0002
 4.6056006545737375E-0001 4.6235732165017101E-0001 1.5641729060760277E-0002
 4.6101266850870180E-0001 4.6280935095689448E-0001 5.6622090330339115E-0003
 4.6156269837479837E-0001 4.6335908293453284E-0001-4.3075082096547505E-0003
 4.6221181260416505E-0001 4.6400817863727521E-0001-1.4265285345437369E-0002
 4.6296151213808513E-0001 4.6475814182127602E-0001-2.4208901681131510E-0002
 4.6381314192132310E-0001 4.6561031955786801E-0001-3.4136062393921396E-0002
 4.6476789194626621E-0001 4.6656590328247770E-0001-4.4044407974043852E-0002
 4.6582679873198120E-0001 4.6762593028071230E-0001-5.3931523791216244E-0002
 4.6699074723528505E-0001 4.6879128560869164E-0001-6.3794949709283804E-0002
 4.6826047318654564E-0001 4.7006270444029314E-0001-7.3632189676029785E-0002
 4.6963656583863619E-0001 4.7144077482966542E-0001-8.3440721218253510E-0002
 4.7111947111336054E-0001 4.7292594087323903E-0001-9.3218004776032255E-0002
 4.7270949512582714E-0001 4.7451850625160506E-0001-1.0296149281448181E-0001
 4.7440680806374880E-0001 4.7621863812811505E-0001-1.1266863865624386E-0001
 4.7621144839554271E-0001 4.7802637137793837E-0001-1.2233690498327199E-0001
 4.7812332737844540E-0001 4.7994161311864104E-0001-1.3196377196217043E-0001
 4.8014223383567392E-0001 4.8196414751115615E-0001-1.4154674495326534E-0001
 4.8226783916997511E-0001 4.8409364079831979E-0001-1.5108336176965863E-0001
 4.8449970257971794E-0001 4.8632964654695351E-0001-1.6057119945863330E-0001
 4.8683727644299203E-0001 4.8867161105878042E-0001-1.7000788058385318E-0001
 4.8927991183496499E-0001 4.9111887891525062E-0001-1.7939107899274174E-0001
 4.9182686414399442E-0001 4.9367069862159726E-0001-1.8871852505915406E-0001
 4.9447729875265603E-0001 4.9632622831611329E-0001-1.9798801039690353E-0001
 4.9723029675089643E-0001 4.9908454151169226E-0001-2.0719739204480906E-0001
 5.0008486064990389E-0001 5.0194463283806829E-0001-2.1634459612864101E-0001
 5.0303992006696502E-0001 5.0490542375487372E-0001-2.2542762100962647E-0001
 5.0609433735349114E-0001 5.0796576820755836E-0001-2.3444453993300005E-0001
 5.0924691314050453E-0001 5.1112445820033174E-0001-2.4339350319343923E-0001
 5.1249639177812433E-0001 5.1438022926255036E-0001-2.5227273983709687E-0001
 5.1584146664793751E-0001 5.1773176578732956E-0001-2.6108055892234239E-0001
 5.1928078532953782E-0001 5.2117770622356908E-0001-2.6981535036325753E-0001
 5.2281295460492565E-0001 5.2471664810500361E-0001-2.7847558538142158E-0001
 5.2643654528684778E-0001 5.2834715290228730E-0001-2.8705981659258937E-0001
 5.3015009685948580E-0001 5.3206775068646320E-0001-2.9556667775554149E-0001
 5.3395212192214946E-0001 5.3587694459442659E-0001-3.0399488321070287E-0001
 5.3784111042877261E-0001 5.3977321508914402E-0001-3.1234322703611803E-0001
 5.4181553371802737E-0001 5.4375502400941738E-0001-3.2061058194807511E-0001
 5.4587384833075258E-0001 5.4782081840587237E-0001-3.2879589797312242E-0001
 5.5001449961312516E-0001 5.5196903416159222E-0001-3.3689820091745768E-0001
 5.5423592510558284E-0001 5.5619809939740482E-0001-3.4491659065872555E-0001
 5.5853655771892897E-0001 5.6050643766326120E-0001-3.5285023928416777E-0001
 5.6291482870031678E-0001 5.6489247091841619E-0001-3.6069838909786348E-0001
 5.6736917039292236E-0001 5.6935462230423975E-0001-3.6846035051850379E-0001
 5.7189801879407851E-0001 5.7389131871445505E-0001-3.7613549988779198E-0001
 5.7649981591746092E-0001 5.7850099316842298E-0001-3.8372327720817144E-0001
 5.8117301196560170E-0001 5.8318208699377989E-0001-3.9122318382717989E-0001
 5.8591606731956191E-0001 5.8793305182529483E-0001-3.9863478008432839E-0001
 5.9072745435303331E-0001 5.9275235142725326E-0001-4.0595768293502269E-0001
 5.9560565907846958E-0001 5.9763846334700637E-0001-4.1319156356469704E-0001
 6.0054918263307957E-0001 6.0258988040755825E-0001-4.2033614500502592E-0001
 6.0555654261265796E-0001 6.0760511204720718E-0001-4.2739119976282767E-0001
 6.1062627426129348E-0001 6.1268268551432225E-0001-4.3435654747108117E-0001
 6.1575693152498954E-0001 6.1782114692533134E-0001-4.4123205257034867E-0001
 6.2094708797716615E-0001 6.2301906219393042E-0001-4.4801762202783668E-0001
 6.2619533762389447E-0001 6.2827501783940583E-0001-4.5471320310033601E-0001
 6.3150029559655270E-0001 6.3358762168179791E-0001-4.6131878114636125E-0001
 6.3686059873939309E-0001 6.3895550343143475E-0001-4.6783437749195934E-0001
 6.4227490609928032E-0001 6.4437731518013368E-0001-4.7426004735387579E-0001
 6.4774189932460801E-0001 6.4985173180111387E-0001-4.8059587782305320E-0001
 6.5326028298012786E-0001 6.5537745126438964E-0001-4.8684198591078805E-0001
 6.5882878478413988E-0001 6.6095319487412654E-0001-4.9299851665928537E-0001
 6.6444615577419703E-0001 6.6657770743414587E-0001-4.9906564131782414E-0001
 6.7011117040717653E-0001 6.7224975734746054E-0001-5.0504355558527522E-0001
 6.7582262659926702E-0001 6.7796813665542074E-0001-5.1093247791929559E-0001
 6.8157934571111823E-0001 6.8373166102174375E-0001-5.1673264791215338E-0001
 6.8738017248310041E-0001 6.8953916966640132E-0001-5.2244432473281493E-0001
 6.9322397492532621E-0001 6.9538952525404197E-0001-5.2806778563464376E-0001
 6.9910964416680037E-0001 7.0128161374133691E-0001-5.3360332452781861E-0001
 7.0503609426778280E-0001 7.0721434418735680E-0001-5.3905125061537100E-0001
 7.1100226199918078E-0001 7.1318664853081561E-0001-5.4441188709156751E-0001
 7.1700710659252552E-0001 7.1919748133775573E-0001-5.4968556990121684E-0001
 7.2304960946383908E-0001 7.2524581952299838E-0001-5.5487264655836227E-0001
 7.2912877391445933E-0001 7.3133066204844309E-0001-5.5997347502272515E-0001
 7.3524362481166342E-0001 7.3745102960107258E-0001-5.6498842263219053E-0001
 7.4139320825171514E-0001 7.4360596425330213E-0001-5.6991786508957104E-0001
 7.4757659120775717E-0001 7.4979452910810800E-0001-5.7476218550184669E-0001
 7.5379286116477700E-0001 7.5601580793117545E-0001-5.7952177347005415E-0001
 7.6004112574369346E-0001 7.6226890477212475E-0001-5.8419702422798871E-0001
 7.6632051231644082E-0001 7.6855294357670216E-0001-5.8878833782788205E-0001
 7.7263016761376706E-0001 7.7486706779166196E-0001-5.9329611837122943E-0001
 7.7896925732731371E-0001 7.8121043996391557E-0001-5.9772077328295819E-0001
 7.8533696570740477E-0001 7.8758224133538300E-0001-6.0206271262715497E-0001
 7.9173249515784191E-0001 7.9398167143485101E-0001-6.0632234846260077E-0001
 7.9815506582888222E-0001 8.0040794766802064E-0001-6.1050009423639936E-0001
 8.0460391520946173E-0001 8.0686030490681342E-0001-6.1459636421402508E-0001
 8.1107829771962400E-0001 8.1333799507890041E-0001-6.1861157294416009E-0001
 8.1757748430401594E-0001 8.1984028675832145E-0001-6.2254613475673741E-0001
 8.2410076202722382E-0001 8.2636646475797142E-0001-6.2640046329265447E-0001
 8.3064743367163981E-0001 8.3291582972464796E-0001-6.3017497106367173E-0001
 8.3721681733847331E-0001 8.3948769773727806E-0001-6.3387006904106157E-0001
 8.4380824605245132E-0001 8.4608139990887081E-0001-6.3748616627162373E-0001
 8.5042106737068757E-0001 8.5269628199267866E-0001-6.4102366951973504E-0001
 8.5705464299614125E-0001 8.5933170399299033E-0001-6.4448298293415222E-0001
 8.6370834839603187E-0001 8.6598703978092377E-0001-6.4786450773833728E-0001
 8.7038157242552732E-0001 8.7266167671553797E-0001-6.5116864194312504E-0001
 8.7707371695697685E-0001 8.7935501527053688E-0001-6.5439578008060154E-0001
 8.8378419651491947E-0001 8.8606646866679690E-0001-6.5754631295811038E-0001
 8.9051243791706060E-0001 8.9279546251091194E-0001-6.6062062743135085E-0001
 8.9725787992137561E-0001 8.9954143443991536E-0001-6.6361910619557790E-0001
 9.0401997287946777E-0001 9.0630383377230701E-0001-6.6654212759395826E-0001
 9.1079817839628020E-0001 9.1308212116548514E-0001-6.6939006544218033E-0001
 9.1759196899623573E-0001 9.1987576827965769E-0001-6.7216328886845723E-0001
 9.2440082779585562E-0001 9.2668425744828386E-0001-6.7486216216810264E-0001
 9.3122424818288780E-0001 9.3350708135507657E-0001-6.7748704467189809E-0001
 9.3806173350195606E-0001 9.4034374271757742E-0001-6.8003829062750762E-0001
 9.4491279674672560E-0001 9.4719375397729905E-0001-6.8251624909323191E-0001
 9.5177696025856505E-0001 9.5405663699641499E-0001-6.8492126384342829E-0001
 9.5865375543167203E-0001 9.6093192276096349E-0001-6.8725367328495636E-0001
 9.6554272242461750E-0001 9.6781915109052035E-0001-6.8951381038404066E-0001
 9.7244340987825366E-0001 9.7471787035428491E-0001-6.9170200260297213E-0001
 9.7935537463992119E-0001 9.8162763719351435E-0001-6.9381857184609920E-0001
 9.8627818149388339E-0001 9.8854801625023346E-0001-6.9586383441458708E-0001
 9.9321140289790786E-0001 9.9547857990213975E-0001-6.9783810096945049E-0001
 1.0001546187259105E+0000 1.0024189080036180E+0000-6.9974167650239004E-0001
 1.0071074160165708E+0000 1.0093685876327725E+0000-7.0157486031398702E-0001
 1.0140693887278243E+0000 1.0163272128443822E+0000-7.0333794599883386E-0001
 1.0210401374971322E+0000 1.0232943844286779E+0000-7.0503122143720003E-0001
 1.0280192694074277E+0000 1.0302697096758405E+0000-7.0665496879285337E-0001
 1.0350063977586339E+0000 1.0372528021461135E+0000-7.0820946451667721E-0001
 1.0420011418446474E+0000 1.0442432814454246E+0000-7.0969497935574238E-0001
 1.0490031267356797E+0000 1.0512407730064060E+0000-7.1111177836751103E-0001
 1.0560119830658479E+0000 1.0582449078747057E+0000-7.1246012093886652E-0001
 1.0630273468259047E+0000 1.0652553225004775E+0000-7.1374026080967986E-0001
 1.0700488591609990E+0000 1.0722716585349404E+0000-7.1495244610063847E-0001
 1.0770761661733553E+0000 1.0792935626318966E+0000-7.1609691934507798E-0001
 1.0841089187297645E+0000 1.0863206862540971E+0000-7.1717391752457156E-0001
 1.0911467722737754E+0000 1.0933526854843450E+0000-7.1818367210804462E-0001
 1.0981893866424794E+0000 1.1003892208412283E+0000-7.1912640909419543E-0001
 1.1052364258877797E+0000 1.1074299570993716E+0000-7.2000234905701393E-0001
 1.1122875581020402E+0000 1.1144745631141026E+0000-7.2081170719420274E-0001
 1.1193424552480073E+0000 1.1215227116504236E+0000-7.2155469337831487E-0001
 1.1264007929929015E+0000 1.1285740792161865E+0000-7.2223151221043313E-0001
 1.1334622505465756E+0000 1.1356283458993662E+0000-7.2284236307622596E-0001
 1.1405265105036398E+0000 1.1426851952093311E+0000-7.2338744020422349E-0001
 1.1475932586894531E+0000 1.1497443139220108E+0000-7.2386693272616685E-0001
 1.1546621840098837E+0000 1.1568053919288623E+0000-7.2428102473929168E-0001
 1.1617329783047430E+0000 1.1638681220895384E+0000-7.2462989537041506E-0001
 1.1688053362047993E+0000 1.1709322000881634E+0000-7.2491371884170260E-0001
 1.1758789549922776E+0000 1.1779973242931231E+0000-7.2513266453799945E-0001
 1.1829535344647571E+0000 1.1850631956202782E+0000-7.2528689707561600E-0001
 1.1900287768023763E+0000 1.1921295173995122E+0000-7.2537657637246555E-0001
 1.1971043864382612E+0000 1.1991959952445257E+0000-7.2540185771945723E-0001
 1.2041800699320895E+0000 1.2062623369257935E+0000-7.2536289185305356E-0001
 1.2112555358467103E+0000 1.2133282522465993E+0000-7.2525982502890743E-0001
 1.2183304946277384E+0000 1.2203934529220690E+0000-7.2509279909649865E-0001
 1.2254046584860427E+0000 1.2274576524611206E+0000-7.2486195157469545E-0001
 1.2324777412830552E+0000 1.2345205660512560E+0000-7.2456741572817085E-0001
 1.2395494584188219E+0000 1.2415819104461167E+0000-7.2420932064460851E-0001
 1.2466195267227264E+0000 1.2486414038557328E+0000-7.2378779131263716E-0001
 1.2536876643468124E+0000 1.2556987658393904E+0000-7.2330294870043667E-0001
 1.2607535906616376E+0000 1.2627537172010506E+0000-7.2275490983496282E-0001
 1.2678170261545914E+0000 1.2698059798872508E+0000-7.2214378788174166E-0001
 1.2748776923306107E+0000 1.2768552768874227E+0000-7.2146969222518792E-0001
 1.2819353116152306E+0000 1.2839013321365629E+0000-7.2073272854940511E-0001
 1.2889896072599085E+0000 1.2909438704201945E+0000-7.1993299891942872E-0001
 1.2960403032495610E+0000 1.2979826172815576E+0000-7.1907060186287635E-0001
 1.3030871242122560E+0000 1.3050172989309724E+0000-7.1814563245197212E-0001
 1.3101297953310041E+0000 1.3120476421573160E+0000-7.1715818238591522E-0001
 1.3171680422575933E+0000 1.3190733742415588E+0000-7.1610834007356513E-0001
 1.3242015910284150E+0000 1.3260942228723064E+0000-7.1499619071641884E-0001
 1.3312301679822304E+0000 1.3331099160632965E+0000-7.1382181639185738E-0001
 1.3382534996798262E+0000 1.3401201820727992E+0000-7.1258529613664187E-0001
 1.3452713128255133E+0000 1.3471247493248725E+0000-7.1128670603064084E-0001
 1.3522833341904208E+0000 1.3541233463324280E+0000-7.0992611928077333E-0001
 1.3592892905375419E+0000 1.3611157016220588E+0000-7.0850360630515368E-0001
 1.3662889085484866E+0000 1.3681015436605879E+0000-7.0701923481742626E-0001
 1.3732819147519013E+0000 1.3750806007832948E+0000-7.0547306991128003E-0001
 1.3802680354535144E+0000 1.3820526011237784E+0000-7.0386517414513443E-0001
 1.3872469966677691E+0000 1.3890172725454191E+0000-7.0219560762698999E-0001
 1.3942185240510063E+0000 1.3959743425744012E+0000-7.0046442809943836E-0001
 1.4011823428361622E+0000 1.4029235383342592E+0000-6.9867169102482818E-0001
 1.4081381777689460E+0000 1.4098645864819150E+0000-6.9681744967058433E-0001
 1.4150857530454653E+0000 1.4167972131451709E+0000-6.9490175519467970E-0001
 1.4220247922512666E+0000 1.4237211438616278E+0000-6.9292465673125983E-0001
 1.4289550183017624E+0000 1.4306361035189976E+0000-6.9088620147642168E-0001
 1.4358761533840152E+0000 1.4375418162967809E+0000-6.8878643477414947E-0001
 1.4427879188998507E+0000 1.4444380056092822E+0000-6.8662540020241107E-0001
 1.4496900354102761E+0000 1.4513243940499365E+0000-6.8440313965941973E-0001
 1.4565822225811755E+0000 1.4582007033369219E+0000-6.8211969345006682E-0001
 1.4634641991302628E+0000 1.4650666542600344E+0000-6.7977510037253221E-0001
 1.4703356827752669E+0000 1.4719219666288030E+0000-6.7736939780507956E-0001
 1.4771963901833303E+0000 1.4787663592218237E+0000-6.7490262179304488E-0001
 1.4840460369215999E+0000 1.4855995497372914E+0000-6.7237480713602720E-0001
 1.4908843374089941E+0000 1.4924212547447136E+0000-6.6978598747529102E-0001
 1.4977110048691260E+0000 1.4992311896377857E+0000-6.6713619538139086E-0001
 1.5045257512843694E+0000 1.5060290685884132E+0000-6.6442546244202862E-0001
 1.5113282873510518E+0000 1.5128146045018659E+0000-6.6165381935015538E-0001
 1.5181183224357610E+0000 1.5195875089730501E+0000-6.5882129599232925E-0001
 1.5248955645327539E+0000 1.5263474922438856E+0000-6.5592792153734195E-0001
 1.5316597202224544E+0000 1.5330942631617773E+0000-6.5297372452512655E-0001
 1.5384104946310337E+0000 1.5398275291391707E+0000-6.4995873295595973E-0001
 1.5451475913910611E+0000 1.5465469961141818E+0000-6.4688297437997181E-0001
 1.5518707126032197E+0000 1.5532523685122946E+0000-6.4374647598697834E-0001
 1.5585795587990805E+0000 1.5599433492091180E+0000-6.4054926469664715E-0001
 1.5652738289049281E+0000 1.5666196394941989E+0000-6.3729136724901494E-0001
 1.5719532202066367E+0000 1.5732809390358844E+0000-6.3397281029536767E-0001
 1.5786174283155902E+0000 1.5799269458472315E+0000-6.3059362048949909E-0001
 1.5852661471356469E+0000 1.5865573562529626E+0000-6.2715382457936178E-0001
 1.5918990688311475E+0000 1.5931718648574634E+0000-6.2365344949912511E-0001
 1.5985158837959663E+0000 1.5997701645138264E+0000-6.2009252246165449E-0001
 1.6051162806236073E+0000 1.6063519462939390E+0000-6.1647107105142616E-0001
 1.6116999460783485E+0000 1.6129168994596187E+0000-6.1278912331789172E-0001
 1.6182665650674367E+0000 1.6194647114348006E+0000-6.0904670786930640E-0001
 1.6248158206143394E+0000 1.6259950677787792E+0000-6.0524385396703478E-0001
 1.6313473938330580E+0000 1.6325076521605118E+0000-6.0138059162034752E-0001
 1.6378609639035101E+0000 1.6390021463339895E+0000-5.9745695168172240E-0001
 1.6443562080479894E+0000 1.6454782301146840E+0000-5.9347296594266240E-0001
 1.6508328015087108E+0000 1.6519355813570781E+0000-5.8942866723004335E-0001
 1.6572904175264525E+0000 1.6583738759332910E+0000-5.8532408950300325E-0001
 1.6637287273203051E+0000 1.6647927877128083E+0000-5.8115926795038466E-0001
 1.6701474000685412E+0000 1.6711919885433286E+0000-5.7693423908874129E-0001
 1.6765461028906171E+0000 1.6775711482327412E+0000-5.7264904086091906E-0001
 1.6829245008303227E+0000 1.6839299345322470E+0000-5.6830371273522157E-0001
 1.6892822568400936E+0000 1.6902680131206384E+0000-5.6389829580516885E-0001
 1.6956190317665032E+0000 1.6965850475897551E+0000-5.5943283288985784E-0001
 1.7019344843369501E+0000 1.7028806994311315E+0000-5.5490736863493216E-0001
 1.7082282711475612E+0000 1.7091546280238547E+0000-5.5032194961416777E-0001
 1.7145000466523294E+0000 1.7154064906236514E+0000-5.4567662443168027E-0001
 1.7207494631535049E+0000 1.7216359423532249E+0000-5.4097144382475879E-0001
 1.7269761707932630E+0000 1.7278426361938615E+0000-5.3620646076733020E-0001
 1.7331798175466700E+0000 1.7340262229783300E+0000-5.3138173057405624E-0001
 1.7393600492159703E+0000 1.7401863513850953E+0000-5.2649731100506544E-0001
 1.7455165094262187E+0000 1.7463226679338718E+0000-5.2155326237131998E-0001
 1.7516488396222833E+0000 1.7524348169825391E+0000-5.1654964764061675E-0001
 1.7577566790672439E+0000 1.7585224407254478E+0000-5.1148653254422044E-0001
 1.7638396648422147E+0000 1.7645851791931398E+0000-5.0636398568412519E-0001
 1.7698974318476154E+0000 1.7706226702535110E+0000-5.0118207864093970E-0001
 1.7759296128059228E+0000 1.7766345496144456E+0000-4.9594088608238947E-0001
 1.7819358382659292E+0000 1.7826204508279482E+0000-4.9064048587242805E-0001
 1.7879157366085391E+0000 1.7885800052958058E+0000-4.8528095918094772E-0001
 1.7938689340541340E+0000 1.7945128422768085E+0000-4.7986239059407825E-0001
 1.7997950546715371E+0000 1.8004185888955606E+0000-4.7438486822506055E-0001
 1.8056937203886094E+0000 1.8062968701529126E+0000-4.6884848382568050E-0001
 1.8115645510045106E+0000 1.8121473089380488E+0000-4.6325333289824586E-0001
 1.8174071642036568E+0000 1.8179695260422595E+0000-4.5759951480808784E-0001
 1.8232211755714103E+0000 1.8237631401744359E+0000-4.5188713289656623E-0001
 1.8290061986115342E+0000 1.8295277679783172E+0000-4.4611629459455549E-0001
 1.8347618447654479E+0000 1.8352630240515274E+0000-4.4028711153638656E-0001
 1.8404877234333176E+0000 1.8409685209664354E+0000-4.3439969967421735E-0001
 1.8461834419970180E+0000 1.8466438692928731E+0000-4.2845417939280218E-0001
 1.8518486058450013E+0000 1.8522886776227482E+0000-4.2245067562462854E-0001
 1.8574828183991082E+0000 1.8579025525965870E+0000-4.1638931796538659E-0001
 1.8630856811433592E+0000 1.8634850989320420E+0000-4.1027024078973488E-0001
 1.8686567936547612E+0000 1.8690359194544030E+0000-4.0409358336732289E-0001
 1.8741957536361661E+0000 1.8745546151291451E+0000-3.9785948997902836E-0001
 1.8797021569512195E+0000 1.8800407850965517E+0000-3.9156811003336507E-0001
 1.8851755976614335E+0000 1.8854940267084481E+0000-3.8521959818301353E-0001
 1.8906156680654216E+0000 1.8909139355670816E+0000-3.7881411444142468E-0001
 1.8960219587403324E+0000 1.8963001055661836E+0000-3.7235182429944359E-0001
 1.9013940585855159E+0000 1.9016521289342507E+0000-3.6583289884189746E-0001
 1.9067315548684599E+0000 1.9069695962800780E+0000-3.5925751486408905E-0001
 1.9120340332730304E+0000 1.9122520966405807E+0000-3.5262585498813402E-0001
 1.9173010779500512E+0000 1.9174992175309378E+0000-3.4593810777907734E-0001
 1.9225322715702554E+0000 1.9227105449970913E+0000-3.3919446786072105E-0001
 1.9277271953796439E+0000 1.9278856636706338E+0000-3.3239513603109246E-0001
 1.9328854292572807E+0000 1.9330241568261163E+0000-3.2554031937747880E-0001
 1.9380065517755581E+0000 1.9381256064408081E+0000-3.1863023139095119E-0001
 1.9430901402629617E+0000 1.9431895932569369E+0000-3.1166509208029764E-0001
 1.9481357708693634E+0000 1.9482156968464402E+0000-3.0464512808528143E-0001
 1.9531430186338716E+0000 1.9532034956782540E+0000-2.9757057278913840E-0001
 1.9581114575552634E+0000 1.9581525671881651E+0000-2.9044166643022297E-0001
 1.9630406606650255E+0000 1.9630624878512528E+0000-2.8325865621271001E-0001
 1.9679302001030254E+0000 1.9679328332569414E+0000-2.7602179641625605E-0001
 1.9727796471958351E+0000 1.9727631781866863E+0000-2.6873134850452058E-0001
 1.9775885725377273E+0000 1.9775530966943117E+0000-2.6138758123244454E-0001
 1.9823565460743605E+0000 1.9823021621890190E+0000-2.5399077075218043E-0001
 1.9870831371891702E+0000 1.9870099475210796E+0000-2.4654120071756519E-0001
 1.9917679147924770E+0000 1.9916760250702254E+0000-2.3903916238702379E-0001
 1.9964104474133244E+0000 1.9962999668367489E+0000-2.3148495472478894E-0001
 2.0010103032940531E+0000 2.0008813445353191E+0000-2.2387888450031890E-0001
 2.0055670504876180E+0000 2.0054197296915197E+0000-2.1622126638579297E-0001
 2.0100802569576503E+0000 2.0099146937411122E+0000-2.0851242305156116E-0001
 2.0145494906812634E+0000 2.0143658081320226E+0000-2.0075268525942221E-0001
 2.0189743197546008E+0000 2.0187726444290496E+0000-1.9294239195360111E-0001
 2.0233543125011179E+0000 2.0231347744212857E+0000-1.8508189034929549E-0001
 2.0276890375825881E+0000 2.0274517702322435E+0000-1.7717153601865731E-0001
 2.0319780641128191E+0000 2.0317232044326710E+0000-1.6921169297407454E-0001
 2.0362209617740626E+0000 2.0359486501560410E+0000-1.6120273374861531E-0001
 2.0404173009360960E+0000 2.0401276812166919E+0000-1.5314503947349537E-0001
 2.0445666527779502E+0000 2.0442598722305958E+0000-1.4503899995242764E-0001
 2.0486685894122567E+0000 2.0483447987387252E+0000-1.3688501373271177E-0001
 2.0527226840121769E+0000 2.0523820373329841E+0000-1.2868348817291961E-0001
 2.0567285109408802E+0000 2.0563711657846673E+0000-1.2043483950703213E-0001
 2.0606856458835252E+0000 2.0603117631754057E+0000-1.1213949290488200E-0001
 2.0645936659816997E+0000 2.0642034100305515E+0000-1.0379788252875569E-0001
 2.0684521499702676E+0000 2.0680456884549517E+0000-9.5410451586008473E-0002
